2021/07/23-14:57:05.731193 7f3040200700 RocksDB version: 5.18.4
2021/07/23-14:57:05.731223 7f3040200700 Git sha rocksdb_build_git_sha:
2021/07/23-14:57:05.731224 7f3040200700 Compile date Mar 11 2020
2021/07/23-14:57:05.731225 7f3040200700 DB SUMMARY
2021/07/23-14:57:05.731254 7f3040200700 CURRENT file:  CURRENT
2021/07/23-14:57:05.731255 7f3040200700 IDENTITY file:  IDENTITY
2021/07/23-14:57:05.731258 7f3040200700 MANIFEST file:  MANIFEST-000022 size: 183 Bytes
2021/07/23-14:57:05.731259 7f3040200700 SST files in /home/caibin/my/jraftdb/src/main/resources/data1/repositories/db dir, Total Num: 4, files: 000007.sst 000010.sst 000013.sst 000016.sst 
2021/07/23-14:57:05.731260 7f3040200700 Write Ahead Log file in /home/caibin/my/jraftdb/src/main/resources/data1/repositories/db: 000023.log size: 0 ; 
2021/07/23-14:57:05.731262 7f3040200700                         Options.error_if_exists: 0
2021/07/23-14:57:05.731263 7f3040200700                       Options.create_if_missing: 1
2021/07/23-14:57:05.731264 7f3040200700                         Options.paranoid_checks: 1
2021/07/23-14:57:05.731264 7f3040200700                                     Options.env: 0x7f3042edbfa0
2021/07/23-14:57:05.731265 7f3040200700                                Options.info_log: 0x7f2fe82c9cd0
2021/07/23-14:57:05.731266 7f3040200700                Options.max_file_opening_threads: 16
2021/07/23-14:57:05.731266 7f3040200700                              Options.statistics: (nil)
2021/07/23-14:57:05.731267 7f3040200700                               Options.use_fsync: 0
2021/07/23-14:57:05.731268 7f3040200700                       Options.max_log_file_size: 0
2021/07/23-14:57:05.731268 7f3040200700                  Options.max_manifest_file_size: 1073741824
2021/07/23-14:57:05.731269 7f3040200700                   Options.log_file_time_to_roll: 0
2021/07/23-14:57:05.731270 7f3040200700                       Options.keep_log_file_num: 1000
2021/07/23-14:57:05.731271 7f3040200700                    Options.recycle_log_file_num: 0
2021/07/23-14:57:05.731271 7f3040200700                         Options.allow_fallocate: 1
2021/07/23-14:57:05.731272 7f3040200700                        Options.allow_mmap_reads: 0
2021/07/23-14:57:05.731272 7f3040200700                       Options.allow_mmap_writes: 0
2021/07/23-14:57:05.731273 7f3040200700                        Options.use_direct_reads: 0
2021/07/23-14:57:05.731274 7f3040200700                        Options.use_direct_io_for_flush_and_compaction: 0
2021/07/23-14:57:05.731274 7f3040200700          Options.create_missing_column_families: 0
2021/07/23-14:57:05.731275 7f3040200700                              Options.db_log_dir: 
2021/07/23-14:57:05.731276 7f3040200700                                 Options.wal_dir: /home/caibin/my/jraftdb/src/main/resources/data1/repositories/db
2021/07/23-14:57:05.731276 7f3040200700                Options.table_cache_numshardbits: 6
2021/07/23-14:57:05.731277 7f3040200700                      Options.max_subcompactions: 1
2021/07/23-14:57:05.731278 7f3040200700                  Options.max_background_flushes: -1
2021/07/23-14:57:05.731278 7f3040200700                         Options.WAL_ttl_seconds: 0
2021/07/23-14:57:05.731279 7f3040200700                       Options.WAL_size_limit_MB: 0
2021/07/23-14:57:05.731280 7f3040200700             Options.manifest_preallocation_size: 4194304
2021/07/23-14:57:05.731280 7f3040200700                     Options.is_fd_close_on_exec: 1
2021/07/23-14:57:05.731281 7f3040200700                   Options.advise_random_on_open: 1
2021/07/23-14:57:05.731282 7f3040200700                    Options.db_write_buffer_size: 0
2021/07/23-14:57:05.731282 7f3040200700                    Options.write_buffer_manager: 0x7f2fe82c8b50
2021/07/23-14:57:05.731283 7f3040200700         Options.access_hint_on_compaction_start: 1
2021/07/23-14:57:05.731284 7f3040200700  Options.new_table_reader_for_compaction_inputs: 0
2021/07/23-14:57:05.731284 7f3040200700           Options.random_access_max_buffer_size: 1048576
2021/07/23-14:57:05.731285 7f3040200700                      Options.use_adaptive_mutex: 0
2021/07/23-14:57:05.731286 7f3040200700                            Options.rate_limiter: (nil)
2021/07/23-14:57:05.731292 7f3040200700     Options.sst_file_manager.rate_bytes_per_sec: 0
2021/07/23-14:57:05.731293 7f3040200700                       Options.wal_recovery_mode: 2
2021/07/23-14:57:05.731293 7f3040200700                  Options.enable_thread_tracking: 0
2021/07/23-14:57:05.731294 7f3040200700                  Options.enable_pipelined_write: 0
2021/07/23-14:57:05.731295 7f3040200700         Options.allow_concurrent_memtable_write: 1
2021/07/23-14:57:05.731295 7f3040200700      Options.enable_write_thread_adaptive_yield: 1
2021/07/23-14:57:05.731296 7f3040200700             Options.write_thread_max_yield_usec: 100
2021/07/23-14:57:05.731297 7f3040200700            Options.write_thread_slow_yield_usec: 3
2021/07/23-14:57:05.731297 7f3040200700                               Options.row_cache: None
2021/07/23-14:57:05.731298 7f3040200700                              Options.wal_filter: None
2021/07/23-14:57:05.731299 7f3040200700             Options.avoid_flush_during_recovery: 0
2021/07/23-14:57:05.731299 7f3040200700             Options.allow_ingest_behind: 0
2021/07/23-14:57:05.731300 7f3040200700             Options.preserve_deletes: 0
2021/07/23-14:57:05.731301 7f3040200700             Options.two_write_queues: 0
2021/07/23-14:57:05.731301 7f3040200700             Options.manual_wal_flush: 0
2021/07/23-14:57:05.731302 7f3040200700             Options.max_background_jobs: 2
2021/07/23-14:57:05.731303 7f3040200700             Options.max_background_compactions: -1
2021/07/23-14:57:05.731303 7f3040200700             Options.avoid_flush_during_shutdown: 0
2021/07/23-14:57:05.731304 7f3040200700           Options.writable_file_max_buffer_size: 1048576
2021/07/23-14:57:05.731305 7f3040200700             Options.delayed_write_rate : 16777216
2021/07/23-14:57:05.731305 7f3040200700             Options.max_total_wal_size: 0
2021/07/23-14:57:05.731306 7f3040200700             Options.delete_obsolete_files_period_micros: 21600000000
2021/07/23-14:57:05.731307 7f3040200700                   Options.stats_dump_period_sec: 600
2021/07/23-14:57:05.731307 7f3040200700                          Options.max_open_files: -1
2021/07/23-14:57:05.731308 7f3040200700                          Options.bytes_per_sync: 0
2021/07/23-14:57:05.731309 7f3040200700                      Options.wal_bytes_per_sync: 0
2021/07/23-14:57:05.731309 7f3040200700       Options.compaction_readahead_size: 0
2021/07/23-14:57:05.731310 7f3040200700 Compression algorithms supported:
2021/07/23-14:57:05.731311 7f3040200700 	kZSTDNotFinalCompression supported: 1
2021/07/23-14:57:05.731312 7f3040200700 	kZSTD supported: 1
2021/07/23-14:57:05.731313 7f3040200700 	kXpressCompression supported: 0
2021/07/23-14:57:05.731313 7f3040200700 	kLZ4HCCompression supported: 1
2021/07/23-14:57:05.731314 7f3040200700 	kLZ4Compression supported: 1
2021/07/23-14:57:05.731315 7f3040200700 	kBZip2Compression supported: 1
2021/07/23-14:57:05.731315 7f3040200700 	kZlibCompression supported: 1
2021/07/23-14:57:05.731316 7f3040200700 	kSnappyCompression supported: 1
2021/07/23-14:57:05.731317 7f3040200700 Fast CRC32 supported: Not supported on x86
2021/07/23-14:57:05.731342 7f3040200700 [/db_impl.cc:388] Shutdown: canceling all background work
2021/07/23-14:57:05.731359 7f3040200700 [/db_impl.cc:562] Shutdown complete
